"StromalScore" "ImmuneScore" "ESTIMATEScore" "TumorPurit"
"TCGA.91.6840" -307.846890955367 558.865932659756 251.019041704389 0.80099922177834
"TCGA.55.6986" -352.501542362286 722.794732037876 370.29318967559 0.790395524023861
"TCGA.05.4395" -525.652094021002 752.693809681098 227.041715660095 0.803101314933504
"TCGA.44.7672" 1034.48010639578 1951.67339832673 2986.15350472251 0.503354379655427
"TCGA.97.8175" -261.977070663815 1053.97785813295 792.000787469135 0.75098505125726
"TCGA.55.8087" -316.356554797966 222.413590078576 -93.94296471939 0.830273861035262
"TCGA.78.7160" 595.539208942606 1443.09820856953 2038.63741751214 0.618286600574289
"TCGA.L4.A4E5" -663.552228782584 -45.002334229067 -708.554563011651 0.877112490265758
"TCGA.97.A4LX" 1070.65919137264 2145.05916145629 3215.71835282893 0.473956831986801
"TCGA.86.8359" -326.552744519416 1046.32659962102 719.773855101603 0.757943467926637
"TCGA.44.6145" 701.263450214643 1732.57584690067 2433.83929711531 0.571678162489831
"TCGA.78.7155" -1090.94056511677 -644.143502145776 -1735.08406726254 0.939270834990216
"TCGA.55.7816" 1582.60214115985 1554.88599262176 3137.48813378161 0.484036948531711
"TCGA.99.8025" 30.7068190582954 63.7956387267391 94.5024577850345 0.814540849346305
"TCGA.44.A47G" 832.829201376072 1988.10978965474 2820.93899103081 0.524159613613757
"TCGA.55.8615" -696.903397297891 -302.685925380845 -999.589322678736 0.896824015418686
"TCGA.73.7499" -9.09030407358621 1557.39386898726 1548.30356491368 0.673206161649019
"TCGA.86.7711" 588.139461747359 1151.11538652263 1739.25484826999 0.652217940667634
"TCGA.86.8075" 1090.62503115769 831.187906325539 1921.81293748323 0.631672925709768
"TCGA.86.7955" -1666.80549665105 -918.958365357459 -2585.76386200851 0.974698737993235
"TCGA.55.8508" -95.8964730169112 649.42698108069 553.530508063779 0.773634533361164
"TCGA.67.3771" 297.714021443529 982.399318337884 1280.11333978141 0.701787327683826
"TCGA.55.A4DG" -493.733340098954 782.574340765937 288.841000666983 0.79766320900903
"TCGA.91.7771" 660.405435794253 1498.67002409774 2159.07545989199 0.604295920570145
"TCGA.91.6849" -41.3449953064291 1121.38824999671 1080.04325469028 0.722403048446621
"TCGA.64.5781" 102.852129658333 1256.66225554747 1359.5143852058 0.693436876494049
"TCGA.97.7552" 351.925347845894 2090.60188434307 2442.52723218896 0.570631352130221
"TCGA.80.5608" -786.042136214258 246.638826250376 -539.403309963882 0.86491815058818
"TCGA.91.6829" 1112.99982060404 260.189713788192 1373.18953439223 0.691989147452503
"TCGA.49.AARE" -199.874424838479 460.342943322216 260.468518483736 0.800168058553023
"TCGA.99.7458" 782.127733923138 1463.28248679074 2245.41022071388 0.594150373151953
"TCGA.05.4424" 556.094782529451 1072.87711172849 1628.97189425794 0.664403156356988
"TCGA.44.2666" -649.312466346614 89.8028026332673 -559.509663713347 0.866395716985605
"TCGA.44.6775" 1384.52051906803 1372.68101273777 2757.2015318058 0.532104245562186
"TCGA.38.4631" -706.159379462551 225.628046296199 -480.531333166352 0.860548516317286
"TCGA.55.7283" -249.681022312531 694.450177380137 444.769155067606 0.783651390360111
"TCGA.95.7567" 114.567888312113 681.958593027831 796.526481339944 0.750546222743836
"TCGA.38.4629" 961.68884857307 1776.3025650255 2737.99141359857 0.534489610992313
"TCGA.91.8497" 475.125857745653 1502.89435123246 1978.02020897811 0.625255363868101
"TCGA.78.7540" -804.081223185605 361.811284172404 -442.269939013201 0.857674178293693
"TCGA.55.A48Y" 540.336246192519 374.497570073018 914.833816265536 0.738957766418056
"TCGA.55.7995" -25.5261826886093 1776.66846328064 1751.14228059203 0.650894231056466
"TCGA.44.3919" 489.175784766104 1528.29748714521 2017.47327191131 0.620725293881873
"TCGA.69.7764" -369.140391889846 262.902582171029 -106.237809718817 0.831278390728356
"TCGA.95.7947" -770.139040762617 551.690503726085 -218.448537036532 0.840320854610435
"TCGA.MP.A4TH" 91.4055969922955 1592.00070890337 1683.40630589567 0.658410234978502
"TCGA.55.7725" -217.04852555949 1428.5233167979 1211.47479123841 0.708929124733477
"TCGA.L9.A5IP" -643.656082264016 444.699123059599 -198.956959204417 0.838766425075405
"TCGA.97.7554" 1065.28132422045 775.1877836895 1840.46910790995 0.640884239278008
"TCGA.55.8619" 579.912033716625 2020.46271199906 2600.37474571568 0.551452385544625
"TCGA.55.7227" 747.179005650725 1418.94748952739 2166.12649517811 0.603470942362366
"TCGA.67.3770" -84.047760225609 1148.26894570388 1064.22118547827 0.72400704031465
"TCGA.78.7145" 56.5962830855067 396.830493569438 453.426776654945 0.78286131185283
"TCGA.49.AAR3" 645.316518019819 1912.51965684843 2557.83617486825 0.556650526608994
"TCGA.44.A479" 898.020101193898 1888.97106135455 2786.99116254845 0.528396836392408
"TCGA.4B.A93V" -850.022210203186 305.816514789209 -544.205695413976 0.86527175138682
"TCGA.78.7633" -547.642771896971 -348.699452101945 -896.342223998916 0.890016685911054
"TCGA.NJ.A4YP" 783.520329901185 550.737805092411 1334.2581349936 0.696103296780473
"TCGA.38.4626" 1097.18099861176 1804.28082000187 2901.46181861363 0.5140572406615
"TCGA.78.7535" -147.199581707226 1126.14139554728 978.941813840049 0.732584928336898
"TCGA.55.6970" -21.4309301068741 1080.24624683684 1058.81531672996 0.724554175711936
"TCGA.55.6543" 53.7087475626434 943.709502202586 997.418249765229 0.730736157879303
"TCGA.05.4402" 275.902426715524 783.187342773147 1059.08976948867 0.724526408961874
"TCGA.55.1596" -678.831637598405 100.283774370568 -578.547863227837 0.86778783145566
"TCGA.49.4490" 131.991073367789 380.616138961805 512.607212329593 0.77742682141322
"TCGA.62.A471" -1358.52495754179 -234.252237152077 -1592.77719469387 0.931897819238546
"TCGA.86.A456" 161.460283815562 1109.74115216034 1271.2014359759 0.702718645400735
"TCGA.49.4512" 804.606343858291 876.078560880804 1680.68490473909 0.658710847323426
"TCGA.55.A48X" 106.913698516027 1386.13957653744 1493.05327505347 0.679181010318554
"TCGA.86.8278" 431.29846652649 688.30912261505 1119.60758914154 0.718375104477937
"TCGA.55.6982" 918.161544477282 1027.63426602327 1945.79581050055 0.628939873929661
"TCGA.50.5045" 1474.46215461715 2258.88816381205 3733.3503184292 0.405747569357512
"TCGA.05.4398" 397.440692252846 1414.01928756706 1811.45997981991 0.64414717591188
"TCGA.55.8513" 523.492315963655 1633.96159142023 2157.45390738388 0.604485552318556
"TCGA.MP.A4TC" 915.86348742269 1084.88559357744 2000.74908100013 0.622648145675006
"TCGA.05.4420" -348.83078156315 -213.807099303399 -562.637880866548 0.866624923857715
"TCGA.75.5146" -145.064800506722 964.435696591445 819.370896084723 0.748326089511081
"TCGA.78.7167" -711.534533621549 -419.456229258402 -1130.99076287995 0.905189528005758
"TCGA.J2.8194" 159.611090311708 594.456139888183 754.06723019989 0.754650183649747
"TCGA.97.A4M0" -317.253116520037 1414.86580981229 1097.61269329225 0.720617348207517
"TCGA.38.4632" 160.127012729987 1442.20147236721 1602.3284850972 0.667321006582631
"TCGA.44.7661" 888.895252098374 1557.30167446557 2446.19692656395 0.570188911319608
"TCGA.55.8205" 684.497445721917 2074.76263323188 2759.26007895379 0.531848379613009
"TCGA.55.A48Z" 581.051096443835 711.914261387153 1292.96535783099 0.70044214314281
"TCGA.05.5428" 193.66706995116 789.329965305809 982.997035256969 0.732179619956578
"TCGA.69.8255" -905.085678706788 1248.29630431507 343.210625608281 0.792824593362626
"TCGA.75.5125" 306.466105088286 1382.34884494985 1688.81495003813 0.657812471615551
"TCGA.55.8097" -50.7670036005546 579.022748922413 528.255745321859 0.775980005269327
"TCGA.78.7152" -198.011058338304 875.779428901603 677.768370563299 0.76195118757411
"TCGA.44.6146" -881.74089156256 -207.290267671633 -1089.03115923419 0.902554672244131
"TCGA.MP.A4TF" -1150.94089093688 138.135237402469 -1012.80565353442 0.897680560744123
"TCGA.67.4679" 411.876671928425 1079.1232469513 1490.99991887973 0.679402204775936
"TCGA.91.6836" -925.379989698055 -62.5085835813432 -987.888573279399 0.896062877342257
"TCGA.78.8648" 1891.27134728333 2301.21861551432 4192.48996279765 0.343273746381257
"TCGA.44.A47A" -162.337724528666 1300.24485719017 1137.9071326615 0.716503871323717
"TCGA.55.A57B" 265.444914409559 846.143345371009 1111.58825978057 0.719193494174424
"TCGA.55.8207" 983.86340195533 1130.3183345256 2114.18173648093 0.609533312213083
"TCGA.55.7576" 233.77954585648 747.993289227402 981.772835083882 0.732302002787644
"TCGA.NJ.A55O" -267.650650273825 834.854580009583 567.203929735757 0.772361213197035
"TCGA.55.A494" -1264.16683686363 -1059.36908430963 -2323.53592117325 0.96537503957674
"TCGA.95.7043" -605.421860048572 -676.694712498339 -1282.11657254691 0.914394212975742
"TCGA.L9.A443" 217.210183413724 409.742074652906 626.95225806663 0.766760790623007
"TCGA.69.7974" 493.424410196324 1467.03115928506 1960.45556948139 0.627265429450094
"TCGA.NJ.A4YG" 185.660317082665 989.725511193219 1175.38582827588 0.712655337829822
"TCGA.69.7760" -630.124161892086 -439.467717647442 -1069.59187953953 0.901322369866034
"TCGA.49.4486" -1422.46702457503 -336.126655276968 -1758.593679852 0.940449521682994
"TCGA.93.A4JN" 142.320881435625 627.970441768809 770.291323204434 0.753085472133536
"TCGA.86.8073" 343.745060137523 486.485500302001 830.230560439524 0.747267741252706
"TCGA.L9.A7SV" -986.691769118234 -292.640922867068 -1279.3326919853 0.914228708418967
"TCGA.93.A4JP" 419.737070858479 1096.36842898216 1516.10549984064 0.676693516870919
"TCGA.78.7163" -1804.88580703281 -229.23233100063 -2034.11813803344 0.953424927343767
"TCGA.64.1678" -990.35570578065 -659.967091810013 -1650.32279759066 0.934928449754646
"TCGA.NJ.A55R" -440.066195666885 -269.377979222587 -709.444174889472 0.877175200661554
"TCGA.97.A4M7" 331.877077634501 1574.55318253879 1906.4302601733 0.633421793463635
"TCGA.38.A44F" 461.795607442264 1766.15474791599 2227.95035535826 0.596209902976342
"TCGA.62.8399" -20.4572930270042 85.084396084075 64.6271030570708 0.817076980779496
"TCGA.49.4514" -720.884033833004 637.844451373812 -83.0395824591918 0.829380755857098
"TCGA.44.5643" -1140.07592426605 378.976546108937 -761.099378157117 0.880790787467105
"TCGA.J2.A4AE" -576.500513711087 940.489927882519 363.989414171432 0.790962034381882
"TCGA.05.4415" -1002.08980025088 34.0275329373746 -968.062267313501 0.894767135832437
"TCGA.91.6830" 725.315896332524 1015.3403095448 1740.65620587733 0.652061997484722
"TCGA.49.6745" 669.714933832972 1411.74931493339 2081.46424876636 0.613333538197408
"TCGA.86.A4P7" 480.509756519276 1379.93210767944 1860.44186419871 0.638630952323227
"TCGA.55.6975" 878.667529637969 251.058908183685 1129.72643782165 0.717341034028685
"TCGA.95.7039" 23.2766807582497 293.296400436045 316.573081194294 0.795201526002269
"TCGA.05.4432" -125.868422780903 756.086719840082 630.218297059179 0.766452949190122
"TCGA.49.4487" 521.765716889201 1639.79278706329 2161.55850395249 0.604005475720234
"TCGA.55.7727" -322.05870886424 903.718106617732 581.659397753492 0.771011682618475
"TCGA.73.A9RS" -985.560732515884 -112.110247721206 -1097.67098023709 0.903100012803562
"TCGA.44.5644" -1111.62767063335 -701.305963506892 -1812.93363414024 0.943131045459636
"TCGA.55.7914" -113.57212018404 687.709209694078 574.137089510038 0.771714382300705
"TCGA.62.A46R" -38.4322340535825 1107.78155328491 1069.34931923132 0.723487593496228
"TCGA.49.AARQ" -1033.50021993082 556.798070396369 -476.702149534453 0.86026207469069
"TCGA.53.7813" -939.37699911841 208.159213575363 -731.217785543047 0.878705397082334
"TCGA.64.1681" 147.209123046072 864.80476494212 1012.01388798819 0.729271903075668
"TCGA.05.4410" -52.9712101272808 1328.28063315625 1275.30942302897 0.702289499103803
"TCGA.55.8620" -954.964822806272 349.719307939866 -605.245514866407 0.869728603700688
"TCGA.64.5774" -615.686565923863 -536.794678849162 -1152.48124477302 0.90652573281426
"TCGA.86.A4D0" -1136.73909145563 -310.393036961412 -1447.13212841704 0.923930838080573
"TCGA.L9.A444" 586.281833834923 2104.85670310585 2691.13853694078 0.540289581237066
"TCGA.MP.A4T7" -635.665611136543 680.235852616035 44.5702414794924 0.818770803426842
"TCGA.91.A4BD" -594.79507353209 1414.81272614172 820.017652609631 0.748263111907811
"TCGA.05.4250" 324.812322258296 1105.9465187417 1430.758841 0.685864025012226
"TCGA.55.7994" -294.267252543934 1555.54463596525 1261.27738342131 0.703754320110717
"TCGA.99.8028" 1319.46609404964 2573.40063526739 3892.86672931703 0.384237192367878
"TCGA.97.8171" -1145.31912273957 -444.402052001643 -1589.72117474122 0.931735013134085
"TCGA.67.6216" -251.149240221945 1244.64963313936 993.500392917411 0.731128632007264
"TCGA.91.6848" 980.59890740503 1434.46483821327 2415.0637456183 0.573937252935593
"TCGA.44.2665" 1490.90829262928 1240.00081501754 2730.90910764681 0.535367966283785
"TCGA.86.7701" 533.681172643863 1366.11463332898 1899.79580597285 0.634175073090948
"TCGA.78.7156" -752.454680966778 -250.696065691155 -1003.15074665793 0.897055162298105
"TCGA.05.5420" 683.143320447109 2546.4811399191 3229.62446036621 0.472158422397933
"TCGA.55.6642" 1317.3763948724 921.367577445402 2238.7439723178 0.594937171417202
"TCGA.78.7149" -183.311085689551 -232.615991325676 -415.927077015227 0.855679473868326
"TCGA.05.4418" -48.0152384468502 1147.96818490143 1099.95294645458 0.720379130545135
"TCGA.05.4422" -593.528905147608 1326.66111960997 733.132214462361 0.756662908040939
"TCGA.78.7146" -635.445455356454 198.112457069236 -437.332998287217 0.8573013244396
"TCGA.86.A4P8" 940.210523659559 2292.87428058842 3233.08480424798 0.471710606895317
"TCGA.67.6217" 79.5060786973875 1162.29608453674 1241.80216323413 0.705782412155172
"TCGA.78.8640" -768.528057227192 445.995277544925 -322.532779682267 0.848504692893851
"TCGA.44.7670" -1121.84853142309 -334.058002998868 -1455.90653442196 0.924422801026287
"TCGA.49.AARO" 612.771161973345 1658.76618713191 2271.53734910526 0.591061185477652
"TCGA.50.5941" 614.938807125259 2024.28521886384 2639.2240259891 0.546686279754114
"TCGA.49.AARR" 441.966293495722 1192.04149570335 1634.00778919907 0.663850507556738
"TCGA.J2.8192" 1486.86729304106 1472.08011947153 2958.94741251259 0.506801093893704
"TCGA.64.5779" 310.363678983225 614.957236911374 925.3209158946 0.737919728221836
"TCGA.62.A46O" -1508.87019811482 -1086.490298071 -2595.36049618583 0.975012641469494
"TCGA.50.8459" 1772.48183453566 1864.8481427914 3637.32997732706 0.41858916218095
"TCGA.86.A4JF" -336.558696499931 1051.7678105773 715.20911407737 0.75838038559921
"TCGA.05.4249" 61.336366634073 949.791702319596 1011.12806895367 0.729360865161354
"TCGA.J2.A4AG" 345.606593066717 1268.07836534718 1613.6849584139 0.666078549085976
"TCGA.44.7671" 87.3985247652938 -207.67210872004 -120.273583954747 0.832421850170869
"TCGA.44.6774" 1844.57959703312 913.773027463953 2758.35262449707 0.531961177136122
"TCGA.50.5066" 969.631179435706 2067.76283942673 3037.39401886244 0.496841013270126
"TCGA.50.6594" -237.174030142608 333.856124017813 96.6820938752051 0.814355205409974
"TCGA.44.8119" 913.676552086088 650.857459420228 1564.53401150632 0.67144254500243
"TCGA.49.AAR2" -751.852828357693 719.645315738828 -32.2075126188645 0.82518905530872
"TCGA.44.6779" 661.066140780102 1757.40050807915 2418.46664885925 0.573528135657189
"TCGA.86.8669" -336.613944268354 660.525314597236 323.911370328882 0.794547924433631
"TCGA.05.5715" 538.582426909824 881.75383527151 1420.33626218133 0.686976585538326
"TCGA.69.A59K" -307.614411603052 704.490813924838 396.876402321786 0.787999093984215
"TCGA.55.A491" 127.031962944292 1064.41536529697 1191.44732824126 0.710999439135558
"TCGA.71.8520" 448.616367339575 269.052032692407 717.668400031982 0.758145035459138
"TCGA.91.8496" 75.1924326105612 1684.95034066524 1760.1427732758 0.649890674314053
"TCGA.69.8254" -493.831815046247 966.670991273916 472.839176227668 0.781085178363923
"TCGA.95.A4VP" 113.973163198599 901.666672099764 1015.63983529836 0.728907623618542
"TCGA.95.8039" -22.8166932209541 1316.4108118263 1293.59411860535 0.700376268521429
"TCGA.86.8076" 114.190685382048 1727.10874550926 1841.29943089131 0.640790673486854
"TCGA.44.2659" 639.570626890306 1155.63869851008 1795.20932540038 0.645969943523995
"TCGA.55.8203" -42.4145291138273 860.268774423428 817.854245309601 0.748473746191926
"TCGA.MP.A5C7" -1120.66651711085 -582.630427913501 -1703.29694502435 0.937659359963835
"TCGA.78.7220" -795.608824420417 -458.949743115376 -1254.55856753579 0.912749140091945
"TCGA.78.7153" -695.895299855646 -46.3550990678293 -742.250398923475 0.879477316961109
"TCGA.55.7910" -483.494718550977 -84.5347487992898 -568.029467350267 0.867019540635679
"TCGA.64.5778" -422.960930305731 1742.12226256986 1319.16133226413 0.697692570438951
"TCGA.55.7815" 878.224690657818 1123.97890201589 2002.20359267371 0.622481063062567
"TCGA.55.6985" 535.848540337157 1236.79740882136 1772.64594915851 0.648494685604995
"TCGA.69.7761" 412.628416050879 1695.95095109557 2108.57936714645 0.61018504276495
"TCGA.MN.A4N4" 562.825336907609 390.039306792321 952.86464369993 0.735185062927208
"TCGA.55.6972" -1841.9226620147 -901.100675535337 -2743.02333755004 0.97959836674375
"TCGA.97.A4M1" -37.8330330098789 1052.82536089276 1014.99232788288 0.72897269035949
"TCGA.83.5908" 247.140127157599 1718.86781058631 1966.00793774391 0.626630476554555
"TCGA.97.8179" -137.707704247242 200.686189038661 62.9784847914185 0.817216475638577
"TCGA.64.1680" -807.952267783184 190.836793507648 -617.115474275536 0.870587196624685
"TCGA.73.4670" 26.4563565301724 159.180743510789 185.637100040961 0.806707822169442
"TCGA.97.8174" 739.303912271236 983.051774409995 1722.35568668123 0.654096305686534
"TCGA.44.6777" 1969.77480266815 2116.30937211013 4086.08417477829 0.357901323526263
"TCGA.62.A46P" -574.518139282541 -114.984481937048 -689.502621219589 0.875765895100825
"TCGA.55.8089" 569.109595528829 2354.86922829722 2923.97882382605 0.511219352989373
"TCGA.MN.A4N5" -591.293924425643 832.73738092115 241.443456495507 0.801839905235487
"TCGA.49.AAR9" -873.521611189917 -481.184199221752 -1354.70581041167 0.91865573828783
"TCGA.86.8671" 1350.32241703243 2691.74128104478 4042.06369807721 0.363927478600928
"TCGA.49.4507" -309.501607738896 1454.87996332822 1145.37835558932 0.71573840896712
"TCGA.62.A46V" 175.336515847968 173.744486979017 349.081002826985 0.792299134112819
"TCGA.05.4389" -295.622341407838 1367.12023379686 1071.49789238903 0.723269835037089
"TCGA.44.3918" 1115.0874411998 2147.45244460735 3262.53988580714 0.467893803882366
"TCGA.50.6592" 333.950892309812 1300.27983657103 1634.23072888084 0.663826033339932
"TCGA.91.6831" 645.839766045548 602.724310443529 1248.56407648908 0.705078899251353
"TCGA.55.6987" 558.537835403077 2424.58710540643 2983.1249408095 0.503738463655533
"TCGA.49.4510" -352.365366452929 56.0802323912434 -296.285134061686 0.846459518774737
"TCGA.86.8672" 487.080725689466 1309.62360147846 1796.70432716793 0.645802408821276
"TCGA.93.A4JQ" 816.933443460994 1658.79179411126 2475.72523757225 0.566622786679377
"TCGA.97.8177" 965.536670375751 1578.81275834983 2544.34942872558 0.558294062341749
"TCGA.05.4396" -658.809523588022 -238.609464543606 -897.418988131628 0.890088737163011
"TCGA.55.6978" 1384.39786143205 1963.46816211869 3347.86602355074 0.456788090210874
"TCGA.69.8453" 481.518754443592 2058.59122388212 2540.10997832571 0.55881024290839
"TCGA.50.7109" 82.7153821524284 594.731049494904 677.446431647333 0.761981791918937
"TCGA.49.4501" 431.910352692785 1083.98128546933 1515.89163816212 0.676716629667217
"TCGA.50.5049" 1662.84242910602 2632.57874253308 4295.4211716391 0.329044096335219
"TCGA.78.8660" -54.9785615451923 1562.7431325026 1507.7645709574 0.677594456465001
"TCGA.91.6828" 539.502003535403 1433.04657168037 1972.54857521577 0.625881974088332
"TCGA.50.6590" 389.236596482249 1643.08860915508 2032.32520563732 0.619014567012377
"TCGA.97.8176" -395.20734283701 480.277789511901 85.0704466748907 0.815343231138506
"TCGA.50.5935" 104.956810525746 838.82330720873 943.780117734476 0.736088345960282
"TCGA.55.7281" 683.013999341759 1564.89291749292 2247.90691683468 0.593855548759823
"TCGA.49.4488" -411.900472759791 881.064566196514 469.164093436723 0.781421916430774
"TCGA.NJ.A55A" 206.335260784336 1282.09504321351 1488.43030399785 0.679678925411417
"TCGA.95.8494" -499.22895372369 806.096403338724 306.867449615034 0.796064563058935
"TCGA.44.2657" 688.932664184628 2210.81466915766 2899.74733334229 0.514273092843472
"TCGA.78.7158" -709.870604845074 27.1270842918914 -682.743520553183 0.875286513907188
"TCGA.93.7347" 915.930732888488 2034.15397079257 2950.08470368105 0.507922159430964
"TCGA.38.4630" -396.641698447449 -353.372626128933 -750.014324576382 0.880019153653865
"TCGA.86.7953" 73.4242835811491 1221.2009011668 1294.62518474795 0.700268231866329
"TCGA.50.5072" -113.868894532041 62.307241892911 -51.5616526391295 0.826790460024234
"TCGA.62.A46S" -430.620421320418 559.241357811681 128.620936491263 0.811625360262509
"TCGA.53.A4EZ" -1033.62221062602 -225.718376371342 -1259.34058699736 0.913035674124069
"TCGA.69.7973" -170.092924410245 -157.344362930823 -327.437287341068 0.848885448452249
"TCGA.55.8204" -112.105188401971 753.674858475281 641.569670073309 0.765381652639419
"TCGA.35.5375" -120.417914946048 936.776336649876 816.358421703828 0.748619338864826
"TCGA.78.7539" -231.166770841862 1411.81262370943 1180.64585286757 0.712113478803482
"TCGA.95.A4VK" -504.55592969314 659.296949380352 154.741019687212 0.80937958738665
"TCGA.50.5055" 1285.14318697261 2553.97550934292 3839.11869631554 0.391509097253797
"TCGA.44.7667" -541.216257883013 -321.582195192221 -862.798453075234 0.887760991465502
"TCGA.MP.A4TI" 1189.30722714611 2445.9116418304 3635.21886897651 0.418870573211963
"TCGA.55.6979" 997.375901328115 2211.84360679852 3209.21950812663 0.474796619459504
"TCGA.55.7284" 276.724791352437 1054.70357464851 1331.42836600095 0.696401453353453
"TCGA.44.6778" 675.165742310257 2251.60372494837 2926.76946725862 0.510867249981868
"TCGA.35.4123" 684.561880497719 1994.42491718749 2678.9867976852 0.541789696203685
"TCGA.44.6776" -811.63610743566 -310.680120141598 -1122.31622757726 0.904647622483141
"TCGA.44.2656" 771.158741675455 2035.60039151053 2806.75913318599 0.525931071773941
"TCGA.73.4676" -179.559783342911 482.677019344177 303.117236001267 0.796397604119201
"TCGA.86.8673" -71.4228614943381 463.20979742813 391.786935933792 0.788458830258689
"TCGA.62.8395" 308.46077375881 123.901607373886 432.362381132696 0.784781402844693
"TCGA.44.A4SS" 506.615429180931 1502.85964936574 2009.47507854667 0.621645347834338
"TCGA.86.8358" -550.683546178479 -270.587190811928 -821.270736990406 0.884938595467057
"TCGA.55.6968" -97.7059263125882 904.66180934927 806.955883036681 0.749533687369729
"TCGA.64.5775" -61.6850413710215 363.095216927388 301.410175556367 0.796549121218867
"TCGA.97.7547" 96.6138649005635 564.838815925964 661.452680826528 0.763500055614603
"TCGA.44.2655" -360.685034068896 795.716637434775 435.031603365879 0.784538508953411
"TCGA.75.6212" 108.801067402591 1441.09431591177 1549.89538331436 0.673033361902456
"TCGA.44.6147" 544.215453397937 934.882345890404 1479.09779928834 0.680683124872753
"TCGA.05.4390" 159.991945000269 74.603930180555 234.595875180824 0.802440113642069
"TCGA.86.8674" -1020.44656979521 -541.495011428427 -1561.94158122364 0.930246491350318
"TCGA.49.6742" -957.965775122197 -318.917080087366 -1276.88285520956 0.914082936821056
"TCGA.44.A47B" -193.34950170758 701.806373484827 508.456871777248 0.777809861455582
"TCGA.MP.A4SW" -15.8166041878529 1190.19449498111 1174.37789079326 0.712759121552579
"TCGA.64.5815" 1482.90842236623 1367.73628528228 2850.64470764851 0.520441191768188
"TCGA.MP.A4T8" -27.9388048277055 -268.202307323573 -296.141112151278 0.846448262130359
"TCGA.NJ.A4YI" 120.843047464214 871.268825707547 992.111873171761 0.731267669942301
"TCGA.L4.A4E6" 966.667946125001 2176.28404508308 3142.95199120808 0.483334977754763
"TCGA.55.8302" -414.902292442573 686.556630171774 271.654337729201 0.799182179297467
"TCGA.05.4405" 884.681734150045 758.161769719094 1642.84350386914 0.662879982830495
"TCGA.78.7147" -929.452396227616 353.38566559473 -576.066730632886 0.867606789484452
"TCGA.MP.A4TD" 723.364100765666 690.965319135993 1414.32941990166 0.687617057033663
"TCGA.44.2668" 988.634709751413 1755.48980817233 2744.12451792374 0.533728509968166
"TCGA.55.6971" 579.675659258192 2028.39090098598 2608.06656024417 0.550510157575468
"TCGA.50.6591" -877.329884889141 -1284.49069261997 -2161.82057750911 0.958911225606522
"TCGA.95.7944" 56.0907809096668 1710.17219571261 1766.26297662228 0.649207622369708
"TCGA.NJ.A4YF" -752.505956376462 -182.303896568288 -934.80985294475 0.892576927132399
"TCGA.55.8091" 986.185741777139 1296.40853832951 2282.59428010665 0.589751228820598
"TCGA.44.4112" 589.109772172471 567.13408425589 1156.24385642836 0.714623650617328
"TCGA.44.3917" 275.673490861566 624.080706851673 899.754197713239 0.740447313196668
"TCGA.49.4505" 474.539646083593 1517.80661208957 1992.34625817316 0.623612838574143
"TCGA.62.8397" -152.617417904786 835.550082240619 682.932664335833 0.761460023940578
"TCGA.50.5942" 28.5281550554589 436.847953984824 465.376109040282 0.781768761377346
"TCGA.55.8206" 375.369284457723 1774.22630323749 2149.59558769521 0.605404054735383
"TCGA.55.8094" -1795.82108927132 -1022.89331948591 -2818.71440875724 0.981770697220352
"TCGA.05.4382" 1222.78564087906 1534.02877182754 2756.8144127066 0.532152356884168
"TCGA.05.5423" 187.268006539798 1725.46259774964 1912.73060428944 0.632705892748
"TCGA.49.AAR4" -64.1885594310411 1789.78226222289 1725.59370279185 0.653736707111144
"TCGA.97.A4M3" -84.17940045073 -111.629908554382 -195.809309005112 0.838514759545207
"TCGA.05.4397" -596.323779586203 415.726805556627 -180.596974029576 0.837295958581494
"TCGA.55.6984" -892.010198840241 308.393682208022 -583.616516632219 0.868157320489079
"TCGA.05.4427" 144.86000683437 731.362274734947 876.222281569317 0.742764517095724
"TCGA.86.8281" -348.480195680152 114.473246728263 -234.006948951889 0.841556682710284
"TCGA.44.A4SU" -211.771653857911 471.05173027795 259.280076420039 0.800272676980578
"TCGA.75.5147" 148.940159364474 1045.88286323084 1194.82302259532 0.710650910960057
"TCGA.97.7546" 697.183066355875 1127.86695248074 1825.05001883662 0.64262002362844
"TCGA.86.8585" -65.6825398992336 1551.83217434864 1486.14963444941 0.679924448658776
"TCGA.55.8301" 670.304078546415 2005.89641545159 2676.20049399801 0.542133418668492
"TCGA.86.6562" 732.332622214543 511.855779273574 1244.18840148812 0.70553422606767
"TCGA.J2.A4AD" -378.863660062457 -427.845854783448 -806.709514845906 0.883941162478464
"TCGA.50.5946" -1034.1523730445 -593.030044534169 -1627.18241757867 0.933717772153835
"TCGA.55.8510" 618.028433680206 1712.3657606222 2330.3941943024 0.584070360288646
"TCGA.99.8033" -284.661805803807 1024.62013996891 739.958334165101 0.756007418639657
"TCGA.69.7978" 951.048345345013 2055.14590306513 3006.19424841014 0.500810298912532
"TCGA.86.8054" -601.661541002132 -617.07930165716 -1218.74084265929 0.910588686348925
"TCGA.44.7660" -770.8908391379 174.218316549287 -596.672522588613 0.869106848873493
"TCGA.78.8662" -944.424194071293 -498.821333121709 -1443.245527193 0.923712434460108
"TCGA.75.7027" 316.968943484655 -106.435842356989 210.533101127665 0.804542844610778
"TCGA.97.A4M6" 329.70139042392 1606.70808518529 1936.40947560921 0.630010456611727
"TCGA.MP.A4SV" -7.39463567607749 1033.60426838207 1026.20963270599 0.727844554916289
"TCGA.38.4627" 2090.80085982646 1414.7114956818 3505.51235550826 0.436082271411669
"TCGA.93.A4JO" 318.707386146789 1763.10618041897 2081.81356656576 0.613293038532345
"TCGA.05.4426" -515.475461982796 638.607026805537 123.131564822742 0.812095813622574
"TCGA.97.7937" -253.749367377165 -90.2993859204522 -344.048753297617 0.850171789811985
"TCGA.75.6206" 209.977423651748 582.700547377947 792.677971029694 0.75091941004101
"TCGA.62.A472" -589.964274033075 759.270413231005 169.30613919793 0.808122126859804
"TCGA.99.AA5R" 910.556011944842 2160.20210757 3070.75811951484 0.492584849885732
"TCGA.55.8085" -195.176512381042 1209.7173443129 1014.54083193186 0.72901805639877
"TCGA.44.8117" 190.317991613867 244.247029086371 434.565020700237 0.784580975731409
"TCGA.55.8506" -18.3031306656778 736.160819430837 717.857688765159 0.758126916703463
"TCGA.NJ.A7XG" -1631.81891104345 -325.20706644868 -1957.02597749213 0.949950633753551
"TCGA.05.4384" -1.98987688743956 702.011841805097 700.021964917657 0.759831583183805
"TCGA.64.1679" 1086.95554170647 803.77397771962 1890.72951942609 0.635203491626502
"TCGA.73.4666" -1.63278495763776 1692.93136096775 1691.29857601012 0.657537842331445
"TCGA.55.8616" -368.038693916357 246.377262888164 -121.661431028193 0.832534722715695
"TCGA.38.6178" 313.518709106222 376.202770981051 689.721480087273 0.760813690255425
"TCGA.93.7348" 435.430763969048 668.742331342755 1104.1730953118 0.719949340805253
"TCGA.55.1594" -472.865846938505 331.928293403485 -140.93755353502 0.834098860350563
"TCGA.73.4658" 1362.93695114334 1768.50541620435 3131.44236734769 0.484813317365653
"TCGA.55.8505" 183.921133482103 -286.818864448774 -102.897730966671 0.831005762919757
"TCGA.MP.A4T4" 719.296699693633 1785.91163796525 2505.20833765888 0.56305150134404
"TCGA.49.4506" -303.037341612668 1220.12303095009 917.085689337424 0.738735018189269
"TCGA.97.8172" 803.932278648104 1510.0856808701 2314.01795951821 0.586019876175085
"TCGA.O1.A52J" -225.814861824794 1191.31731814813 965.50245632334 0.733926299234686
"TCGA.78.7537" 11.182599039176 136.287111672084 147.46971071126 0.810005962165457
"TCGA.73.4662" 98.4671393379851 1230.56457186745 1329.03171120543 0.696653881185509
"TCGA.62.8398" -209.159076885148 646.678248131275 437.519171246128 0.784312036821441
"TCGA.49.AAQV" -639.306394063761 841.90258788315 202.596193819389 0.80523421293687
"TCGA.55.8621" 996.497072001101 1998.00383445156 2994.50090645266 0.502295243243618
"TCGA.53.7626" 686.101998292021 1864.048092757 2550.15009104902 0.557587443849323
"TCGA.44.7669" -126.830305242472 653.245160893659 526.414855651186 0.776150421017716
"TCGA.93.8067" -633.704628018186 28.2103821801104 -605.494245838075 0.869746622317571
"TCGA.97.A4M2" 347.148829946392 1961.00774250194 2308.15657244833 0.586716825181681
"TCGA.05.4425" 526.918939396693 1513.35985737979 2040.27879677648 0.618097218768889
"TCGA.69.7763" 658.430014739159 502.090997350259 1160.52101208942 0.714184332195633
"TCGA.86.8056" -35.3485657052329 754.17449409356 718.825928388328 0.758034227457988
"TCGA.44.2662" 835.142542120503 1590.78905270268 2425.93159482318 0.572630154293827
"TCGA.50.5931" -546.188478458261 -720.930948538251 -1267.11942699651 0.913500813598319
"TCGA.55.8512" -589.528811017311 167.339274644093 -422.189536373217 0.856154833117974
"TCGA.75.7025" 368.90141449025 1108.22223005282 1477.12364454307 0.680895384944049
"TCGA.50.5930" 496.141144094634 1063.28774041151 1559.42888450614 0.671997684556797
"TCGA.75.6214" -1019.42084268729 -135.475485739426 -1154.89632842672 0.906675330866097
"TCGA.L9.A743" 602.206694128056 1823.21696485768 2425.42365898573 0.572691277273916
"TCGA.50.5939" 500.974219370219 1247.73082984926 1748.70504921948 0.651165787438304
"TCGA.78.7161" -398.027791552788 -594.376573590332 -992.40436514312 0.896356944616784
"TCGA.44.5645" 243.307155282793 1554.81632625957 1798.12348154236 0.645643345047371
"TCGA.44.3398" 1269.42571019565 1794.56568037154 3063.99139056719 0.49344902066121
"TCGA.97.8547" 974.923136898825 764.362404941986 1739.28554184081 0.652214525380289
"TCGA.86.8280" 659.684756599483 1491.39562355667 2151.08038015615 0.60523056971908
"TCGA.78.7166" -1040.59986347263 129.381092092167 -911.218771380463 0.891010175032834
"TCGA.91.8499" -429.603819011339 366.788521078124 -62.8152979332152 0.827718544434354
"TCGA.71.6725" -852.652599865409 106.91310519485 -745.739494670558 0.879720958866673
"TCGA.69.7980" 184.878856050606 988.954672878898 1173.8335289295 0.712815166060931
"TCGA.L9.A8F4" 81.485647256467 1390.29412053653 1471.77976779299 0.681469668817807
"TCGA.05.4433" -227.170883381918 1381.19342352562 1154.02254014371 0.714851696997881
"TCGA.55.A492" -689.304893114407 73.2458546454988 -616.059038468908 0.870510888280831
"TCGA.73.4675" 217.049209152551 315.582675027874 532.631884180425 0.775574667757275
"TCGA.50.5936" 205.928858026671 521.182706997616 727.111565024287 0.757240420341541
"TCGA.44.7662" 1140.0618160968 958.800220560018 2098.86203665681 0.611314492964442
"TCGA.78.7154" -492.547232228088 -182.030871900352 -674.57810412844 0.874706242316225
"TCGA.05.4244" -393.417697275578 868.57474848048 475.157051204903 0.780872680743498
"TCGA.73.7498" 215.614773303031 614.428720009597 830.043493312628 0.747285988299103
"TCGA.50.5933" 1441.92976262742 1345.84601157603 2787.77577420345 0.528299052240008
"TCGA.55.8507" -290.583172541287 228.506697397284 -62.076475144003 0.827657683210696
"TCGA.S2.AA1A" 748.118137201033 1782.10911143535 2530.22724863639 0.56001268873778
"TCGA.95.7948" -491.713894735567 102.063400143902 -389.650494591665 0.853677042010151
"TCGA.67.3774" 37.5014315274247 1045.08488410555 1082.58631563298 0.722144877177036
"TCGA.38.4628" 427.95699040139 678.354432175717 1106.31142257711 0.719731463131839
"TCGA.50.6595" 1082.19058653223 1029.55457252599 2111.74515905822 0.609816812957314
"TCGA.55.7903" -566.090738443839 750.004122464188 183.91338402035 0.806857319536177
"TCGA.44.3396" 1140.94149564252 1750.72795881362 2891.66945445615 0.515289652175557
"TCGA.80.5611" -232.534776464026 1481.90331246556 1249.36853600153 0.704995156623523
"TCGA.53.7624" -868.643162633367 110.545076001462 -758.098086631904 0.880582096825788
"TCGA.91.6835" 898.222676582185 2211.52426222501 3109.7469388072 0.487596194158206
"TCGA.L9.A50W" -400.223062160848 622.885085266573 222.662023105725 0.803484208970915
"TCGA.86.7713" -1007.29310197519 -551.37859190203 -1558.67169387723 0.930070262065667
"TCGA.50.5044" 173.915751621782 929.7377839163 1103.65353553808 0.720002268892919
"TCGA.97.7941" 23.897027844827 626.638689027567 650.535716872394 0.764533971248582
"TCGA.86.7714" -9.28712503181815 795.373880189073 786.086755157255 0.751557998798093
"TCGA.62.8402" -736.21894361527 1180.72714339623 444.508199780956 0.783675185013645
"TCGA.78.7162" 308.190139768481 940.750952551779 1248.94109232026 0.705039653880719
"TCGA.49.AAR0" -140.4994708462 1156.45319542473 1015.95372457853 0.728876079135105
"TCGA.35.4122" 804.7545991114 2162.78431258324 2967.53891169464 0.50571351553787
"TCGA.55.7726" 979.097864865559 550.985853844342 1530.0837187099 0.675181395586322
"TCGA.62.A46Y" -243.421277897581 1388.08832823456 1144.66705033698 0.71581132266801
"TCGA.55.6980" 779.967549274485 1468.14532067078 2248.11286994527 0.593831225057538
"TCGA.05.4430" 1092.3524944423 1215.61277263285 2307.96526707515 0.586739565056142
"TCGA.67.3772" 851.780142341637 1102.91444765712 1954.69458999876 0.627923798074736
"TCGA.MP.A4SY" 535.255105195689 407.815076140762 943.070181336451 0.73615888048835
"TCGA.78.7148" -493.484415479285 347.59506666596 -145.889348813325 0.834499590209568
"TCGA.35.3615" -336.21389425892 340.42138421813 4.20748995921019 0.822157952794343
"TCGA.55.A493" 126.668347971052 1511.19302458937 1637.86137256042 0.663427362888869
"TCGA.49.6744" 1072.64957934178 1814.29790844413 2886.94748778591 0.515883551850752
"TCGA.49.4494" -319.888028968607 840.355799495033 520.467770526426 0.776700570175158
"TCGA.78.7143" -796.56574856122 644.294792230115 -152.270956331106 0.835015379041805
"TCGA.50.5051" -714.457880979877 -261.406230797576 -975.864111777453 0.895277927672372
"TCGA.86.6851" 283.998612464733 2094.75971195969 2378.75832442442 0.578293172304703
"TCGA.49.6743" 394.222147551186 656.748597415373 1050.97074496656 0.725347324117996
"TCGA.50.6597" -406.530502121834 1111.54763094261 705.017128820772 0.759354690136446
"TCGA.55.A490" 289.138268473326 610.645400903575 899.7836693769 0.740444405556708
"TCGA.99.8032" 513.064082155122 258.207567400623 771.271649555745 0.752990788907914
"TCGA.55.8299" 1262.58305778717 1961.84171025607 3224.42476804324 0.472831104124897
"TCGA.64.1676" 656.684182693737 1604.60008047953 2261.28426317327 0.592274516316578
"TCGA.86.8279" 278.209578176956 29.8797425943087 308.089320771264 0.795956001594335
"TCGA.97.A4M5" 478.880881693513 1062.93168221997 1541.81256391348 0.673910411236179
"TCGA.78.7536" -427.312895439207 584.301131270031 156.988235830824 0.809185818150637
"TCGA.55.8208" 1214.59723525054 2350.45961411013 3565.05684936067 0.428200132053444
"TCGA.95.7562" -71.7996683016516 662.788220048496 590.988551746845 0.770138889900564
"TCGA.MP.A4TK" 1275.37467226253 1364.3959943148 2639.77066657733 0.546619089615746
"TCGA.49.6761" -127.280169525616 990.419060171158 863.138890645541 0.744049015899173
"TCGA.50.6593" 817.773698877337 1033.99401707621 1851.76771595355 0.639610228053924
"TCGA.55.7728" -121.813474412451 2283.65215746848 2161.83868305603 0.6039726977724
"TCGA.86.8055" 1236.33445105771 861.383617646234 2097.71806870395 0.611447375147928
"TCGA.73.4668" 15.9380377918578 149.90775148467 165.845789276527 0.80842120640472
"TCGA.55.8090" -9.70569553988569 701.886888937571 692.181193397685 0.760579325130879
"TCGA.38.7271" 1196.16448198034 2525.82820687149 3721.99268885182 0.407270771869363
"TCGA.55.8514" -433.219136822804 555.457496149297 122.238359326493 0.812172313775632
"TCGA.50.5932" -623.411536355579 -40.1094194441596 -663.520955799739 0.873918468324581
"TCGA.95.A4VN" 193.329384374336 1646.7347942636 1840.06417863793 0.640929865692119
"TCGA.86.7954" 407.424381895687 1601.29548257405 2008.71986446973 0.621732177911496
"TCGA.91.A4BC" 919.25633241677 2075.20816545991 2994.46449787668 0.502299864481209
"TCGA.MP.A4TJ" 848.408381509229 2289.11981685232 3137.52819836155 0.484031802355001
"TCGA.62.A470" -637.773379215095 62.1007744909261 -575.672604724169 0.86757802052068
"TCGA.73.4677" -384.457081674592 556.961336857889 172.504255183297 0.807845526910653
"TCGA.55.7911" -218.493114314841 1499.83111370763 1281.33799939279 0.701659253595614
"TCGA.50.8460" 145.564050441676 1373.55304348152 1519.1170939232 0.676367972324215
"TCGA.55.6981" -151.046769667363 334.722283800356 183.675514132993 0.806877945863458
"TCGA.44.8120" 414.379877595523 520.479984621341 934.859862216864 0.736974021791011
"TCGA.55.8614" 54.2303218140193 180.46265253873 234.692974352749 0.802431608310852
"TCGA.64.1677" -794.762159592549 729.706898008249 -65.0552615842997 0.827903004048551
"TCGA.97.8552" -29.3277764258237 1321.61487807956 1292.28710165374 0.700513196657157
"TCGA.69.8253" -610.641236274491 333.038374003481 -277.60286227101 0.844996169937011
"TCGA.86.8668" 730.466383282944 987.599623503113 1718.06600678606 0.654572469443335
"TCGA.86.8074" 682.973520007656 813.471700483072 1496.44522049073 0.678815483369302
"TCGA.69.7765" 1096.56489752584 989.576672514035 2086.14157003987 0.612791119070234
"TCGA.55.8092" 149.092703521392 1359.94070577302 1509.03340929442 0.677457469252314
"TCGA.NJ.A4YQ" -39.7864184904769 1892.55504821501 1852.76862972453 0.639497281890621
"TCGA.55.6983" 405.796566874642 1206.62948234639 1612.42604922104 0.666216371610067
"TCGA.62.8394" -433.253777673566 328.850057467026 -104.40372020654 0.8311287112648
"TCGA.44.2661" 1055.87777928282 2436.75926989519 3492.63704917801 0.437782266494776
"TCGA.44.7659" -537.263985350291 517.457876600683 -19.8061087496077 0.824159433635063
"TCGA.55.6712" 350.471449180126 1590.13383373368 1940.60528291381 0.62953204066405
"TCGA.05.4403" 165.793585361601 1262.22487547553 1428.01846083714 0.686156703173266
"TCGA.97.7553" 841.59197387128 2237.11482222226 3078.70679609354 0.491569113341945
"TCGA.78.8655" 93.7500419266942 1176.56835560942 1270.31839753612 0.702810859817754
"TCGA.55.7724" 707.537481623316 1416.91363636088 2124.45111798419 0.608337592347229
"TCGA.73.4659" 463.393546753072 644.37528710814 1107.76883386121 0.719582924469191
"TCGA.50.6673" 322.570068871807 495.298980696801 817.869049568609 0.748472305071867
"TCGA.78.7542" -1285.03862727448 253.491391344519 -1031.54723592996 0.898889402314436
"TCGA.38.4625" -51.1092812660411 911.75742053258 860.648139266539 0.74429324163608
"TCGA.55.7570" -793.79390813196 -749.632260132664 -1543.42616826462 0.929245782723587
"TCGA.69.7979" -149.321782108918 -211.239019205501 -360.560801314419 0.851445423030503
"TCGA.55.A4DF" -398.386265693855 1029.96296650568 631.576700811828 0.766324860583222
"TCGA.67.3773" 499.123701962861 1442.85436209181 1941.97806405467 0.629375461031832
"TCGA.55.7573" 185.488689501087 1185.74765729195 1371.23634679304 0.692196093818152
"TCGA.50.5068" 615.951675160105 2021.57111087712 2637.52278603722 0.546895364547767
"TCGA.49.AARN" -274.05881888033 532.133516314761 258.074697434431 0.800378761486036
"TCGA.78.7150" -16.2357140427652 -424.244054543432 -440.479768586197 0.857539030829989
"TCGA.MP.A4TA" -372.133779156295 537.472502070085 165.33872291379 0.80846501485108
"TCGA.55.7907" 275.079550965594 999.619604765354 1274.69915573095 0.702353267637529
"TCGA.55.5899" 242.612810998868 483.847680439471 726.460491438339 0.757302837146197
"TCGA.55.7574" 982.069250532952 1786.80801654943 2768.87726708239 0.530652373663901
"TCGA.44.6148" 405.029206871609 591.439036239075 996.468243110684 0.730831347680636
"TCGA.MN.A4N1" -654.481885782525 -290.282203031025 -944.76408881355 0.893234806880958
"TCGA.05.5429" -380.617476084635 -45.3599974863009 -425.977473570936 0.856442009766005
"TCGA.91.6847" -1744.34780134306 -914.032644035641 -2658.3804453787 0.977025909351254
"TCGA.55.8511" 559.228434066917 1265.53873578586 1824.76716985278 0.642651834272469
"TCGA.50.5944" 728.839465209758 495.595237502185 1224.43470271194 0.707586143500543
"TCGA.55.1592" -27.4761113949124 614.121409653997 586.645298259085 0.770545404482537
"TCGA.50.8457" 680.186377811343 1578.312946134 2258.49932394534 0.592603849195831
"TCGA.78.7159" -86.6121829178327 54.2773732624077 -32.334809655425 0.825199609922362
"TCGA.67.6215" -705.944463662736 625.843868071783 -80.100595590953 0.829139657375155
"TCGA.MP.A4T9" 329.244485917239 1000.58986572722 1329.83435164445 0.696569352626711
"TCGA.97.7938" -43.9664744137207 316.318728410862 272.352253997142 0.799120595944771
"TCGA.05.5425" 255.52415638881 1636.26232631485 1891.78648270366 0.635083654722555
"TCGA.55.7913" -1407.18068842468 -320.684176905843 -1727.86486533052 0.938906644932852
"TCGA.05.4417" 1298.01708134963 1456.70728748782 2754.72436883745 0.532412078715497
"TCGA.05.4434" 645.161256724355 1748.15896416611 2393.32022089047 0.57654800371206
"TCGA.55.8096" 968.813809756831 1130.82196126501 2099.63577102184 0.611224606975132
"TCGA.49.6767" -368.217159333605 981.624458208332 613.407298874726 0.768035592825537
"TCGA.MP.A4T6" -1102.29480193888 729.705554586067 -372.58924735281 0.852370071384159
"TCGA.MP.A4TE" -1153.79100556571 -812.110987121812 -1965.90199268752 0.950356852151421
